0 0.181976 63.714829 47.911658 20.927783
0 0.016685 4.845227 2.555539 1.052321
0 0.985351 242.452786 137.704525 64.72948
0 0.267392 84.957848 56.201328 21.632118
0 0.022285 6.826005 5.408925 2.124379
0 0.118598 31.255893 26.019354 12.124096
0 0.376619 116.994076 74.641053 34.94607
0 0.321986 110.951874 88.281899 38.091205
0 0.086878 25.767253 19.926342 9.263118
0 0.097187 31.091512 22.492872 10.654753
0 0.681185 176.558418 115.615742 46.788775
0 0.110735 26.855132 18.066749 8.877144
0 0.017962 5.070121 3.582487 1.771333
0 1.117553 296.743904 174.883348 62.155396
0 0.677941 165.759085 111.922762 45.660461
0 0.044648 13.962522 9.481907 4.344577
0 0.291376 69.571507 46.208425 18.917011
0 0.860745 164.994119 105.204782 41.166879
0 0.13084 35.10596 25.708814 9.513349
0 0.010276 2.694342 1.431343 0.599386
0 0.028668 7.327674 3.870171 1.724545
