58.909153 58.909153 56.875675 58.879448 59.874058
59.986004 59.986008 57.334713 58.354397 58.70256
56.859352 56.859356 57.805187 59.11174 59.202625
57.347328 57.347328 56.805614 58.248413 56.838398
56.656666 56.656666 56.634727 58.776188 58.62418
59.825714 59.825718 57.838886 58.678764 59.654118
59.503384 59.50338 57.259468 58.504013 59.014675
56.644646 56.644642 55.493923 58.289745 55.871159
55.026089 55.026089 56.213074 59.164837 59.42244
57.482758 57.482761 57.611523 59.196548 55.93576
59.787819 59.787819 57.818092 57.715511 58.083614
57.621147 57.621147 57.528698 59.093109 58.019642
57.458328 57.458332 56.97607 59.157585 57.892448
59.943283 59.943283 57.331593 58.448376 58.877228
59.157959 59.157959 57.414188 59.002426 59.102558
59.971394 59.97139 58.022148 59.323997 59.55946
59.669472 59.669468 58.672985 59.041241 58.31929
59.935814 59.93581 57.042393 57.743996 57.820366
55.853195 55.853195 57.134083 59.118431 59.172474
59.810284 59.81028 56.995979 57.615955 55.969692
54.74118 54.74118 56.476376 57.67205 57.105309
