78.722862 78.722862 76.205399 76.912209 73.501984
78.342117 78.342117 75.793358 76.445618 73.066414
78.902451 78.902443 76.919998 76.998108 74.015808
78.849167 78.849167 76.788177 76.945847 73.057777
78.873207 78.873207 76.172401 76.344421 73.756874
78.789017 78.789017 76.006271 76.89415 74.122696
78.85141 78.85141 76.263535 76.465034 73.128136
78.81794 78.81794 76.476921 77.430962 75.290352
78.905708 78.905708 77.268349 77.466507 74.228767
78.905479 78.905479 77.022095 77.172104 73.532555
78.835426 78.835426 76.676155 77.18679 73.410858
78.921349 78.921349 77.382324 77.59507 74.211113
78.915573 78.915581 77.060677 76.736168 72.589203
78.929848 78.929855 77.151718 76.781776 73.900108
78.910835 78.910828 76.99839 77.425621 74.378326
78.845268 78.845268 76.657768 77.379639 72.130638
78.935768 78.93576 76.725464 76.99733 74.500122
78.877113 78.877113 76.541367 76.847221 74.780243
78.893806 78.893822 76.928375 77.147469 74.994461
78.635483 78.635483 75.814651 76.141937 66.033417
78.657242 78.657242 76.691231 76.900932 72.032822
