4.57285441907082 26.2098459772776 298.918662339946 53.9815285779615 13.3392887728191
0.0340516586291966 0.218553939554859 2.60535727214811 0.185256669523983 0.0277455243398004
9.8246972441348 59.0738247023785 627.952310439848 43.2233140657804 18.2405046721425
2.08189239514855 13.3125536093736 143.634839865159 20.2401950289932 3.68941981248951
0.243276871838454 1.11489415164269 15.8535639167236 3.59381205136877 1.47617593737402
0.755793082844185 5.03771634538829 63.1510330162884 10.0835572746863 3.93882792308271
4.34973345239314 23.882083808722 302.822896169695 27.6602426700596 10.171525341593
2.92201594023389 16.856102720335 220.986832781107 41.0535887407858 11.6005900539439
0.35469040230977 1.98007118266462 30.4300435263613 5.2085413982721 1.47600185293495
0.847559030808464 4.49841825027014 56.0601072657331 8.85546491067994 2.52941187778022
6.47178482637026 35.8304047059361 494.600482144913 70.1662105572467 16.8216326345169
0.763880004913142 4.58324479995093 62.3217909005073 7.16752596954982 1.89353975603027
0.0330403945181593 0.161646659219501 3.05584330253113 0.510313010010079 0.143457898674223
5.42811266874976 33.0112681842538 365.298414635686 50.1774351416648 11.4025496819688
3.56940029038964 22.5240126991338 269.563432233079 36.4935695467711 7.80700771065402
0.405723671979018 2.72949283503866 27.4529593800765 5.02631271470277 1.45444199485689
1.06769687732063 5.99161301877684 84.7849344935652 14.2539014061381 3.77123504341857
2.47606062935593 15.2295214240324 179.125553174686 24.2375062942755 5.53408677892874
0.743303689429849 4.26471385768158 70.9579067461514 12.7451590736168 2.95017022220595
0.15545500782066 1.10848502642396 8.64238196457706 0.970160057451968 0.460098327544832
0.252796310783061 1.3967189808397 16.6811543750727 1.14108968033555 0.386865026032686
