1.51828405023083 1.17095465732136 30.2895727149266 44.1153045232974 5.45333444717077
0.0123141479290857 0.010413172926011 0.274511541459418 0.144054199382922 0.0109470254888006
3.43209189449975 2.78739960862221 63.5923935058725 30.1545818273888 7.25347241324974
0.714083687594582 0.610831235327436 14.9297789925851 17.3142778117265 1.39333193677076
0.0735200676830711 0.0466826072951765 1.44890613594544 2.47946473648385 0.540836255128328
0.270717620476731 0.238927440187599 6.58048902484739 8.54767008778241 1.6593216651278
1.48739154133893 1.1136224208157 30.3836866744376 20.738871636259 3.91475175017478
1.03690030613499 0.79873617921064 23.4996805000687 37.7626734424816 6.17606930095391
0.128103310253244 0.0968315404808504 3.20162141051046 4.66194316668362 0.739457000696155
0.284262837667835 0.206364648450616 5.71766230197153 7.57620564956269 1.11353355600443
2.35304961645551 1.74517429367786 52.202412665744 63.4127080340725 8.49662989078127
0.271295344267188 0.218477815144067 6.25256848797467 5.77878328753097 0.728427657689125
0.0115060530928444 0.00794412809125503 0.310346656494928 0.433418339366491 0.0691228803334879
1.96779183567875 1.60560955738219 39.5415342918525 47.7255093450773 6.83380999002132
1.30311946079802 1.10252495805627 28.0552234851638 31.609261231201 3.86166696583141
0.138284857793893 0.125031936913802 2.93325786517784 4.6305008039925 0.826887183068598
0.401311116052509 0.30087209887667 9.17596278771025 13.5240858688831 2.25778139626747
0.935392536580481 0.76655590637612 19.353248029449 22.5159328162166 2.97360189961322
0.275719681442699 0.213912139919386 7.63316467700248 11.8430487889175 1.6366158671846
0.0464989067964394 0.0436148760126586 0.76772948180982 0.612896842375488 0.171112738407528
0.0834451876997696 0.0626073488561285 1.59709276567131 0.711989632947572 0.127862413480236
