52.9604264 29.3467279 378.006704 41.258456 2.252439
3.9720264 2.3360918 27.809956 0.775528 0.018354
236.946328 144.0668019 1348.377546 26.600928 3.013142
67.4536528 40.3489149 486.840237 45.145122 0.740091
5.5813816 2.8922439 39.5902 4.61399 0.252175
24.8598408 15.2594988 179.663957 17.930408 0.827692
101.2522664 57.5577275 661.844097 29.303199 1.625077
86.1694712 47.0192107 646.923695 88.744965 10.285302
20.0591504 11.2781515 149.655642 17.910108 1.845435
25.7322656 14.1213198 180.128443 20.382161 1.710395
153.5628296 81.6222365 989.120602 101.012089 9.727303
24.1119256 14.1243578 154.257821 11.225307 0.788469
3.6295456 2.0677566 29.134995 3.391587 0.477938
261.0418976 153.1729297 1710.724812 180.755766 23.078661
148.7308104 92.4234101 947.85598 85.804992 8.597404
10.3233944 6.5503725 81.600304 11.019797 1.725107
61.117336 32.9415324 399.227594 51.090644 7.77827
160.009428 93.6191319 926.926658 92.295482 9.764678
24.4295824 13.9173251 193.333452 25.672152 2.989643
2.7391648 1.6275847 15.587006 0.611817 0.073981
7.199836 4.0311894 41.756579 0.690875 0.056257
