0.494148847432222 1542.81104234687 199992.451522713 150760.310440279 112853.054082791
0.0149314943832674 53.1083075857858 8013.28485461218 8606.04845331277 6554.9001832494
1.20782678549142 3688.76884375539 1156323.75365601 653568.979741174 407280.775798077
0.47520810668214 1924.02922845863 273722.087316025 165665.315983575 138160.450912304
0.080681505963123 442.363249664014 53989.0532135144 43317.2981534396 36120.4791400292
0.105337342962332 530.042820125469 117636.520355472 74649.6851291934 65299.95771268
0.742586402770555 2084.17593737015 462036.322830475 230205.294185518 198183.375398479
0.527625579896172 1267.55871697886 167598.397704957 100944.997946438 69548.3153374487
0.0901709386894846 298.816312185517 64331.2660531287 31767.8971025983 18893.2834784637
0.222254608268878 492.720894617987 78262.8493959555 34570.7270347053 29100.6059437751
0.579989298298671 1785.02422775933 430359.755672384 167128.945983805 90551.6761395293
0.103907484009676 403.791895889368 153820.091243094 58391.3233949925 28530.6651034832
0.0190423028759643 78.1149948386888 21167.2709441398 8081.6039908137 3640.59803441601
1.27922889356939 1993.68171856938 273583.085579054 107894.249902678 31622.6287675155
0.520630339102304 1113.90951509011 396069.149686018 163463.092141948 63714.3742269227
0.0941574395446433 136.546262164885 10175.7196908648 5034.23448492905 3182.62975451615
0.169586068833307 385.041900362486 92330.7808301535 34769.8918681415 11470.3772380429
0.36649557195174 1305.96379305807 386061.140762184 141652.871906965 58855.1601127445
0.0703867042745403 286.651163671373 87080.9426212152 36216.9897779953 17850.9104074119
0.0468468466254345 384.130075578112 34166.1357855944 19357.9733812484 17411.0027465441
0.0582789197738205 270.529357657538 42881.6056192609 29085.2079982038 21849.1068360243
