70222.6699136526 40117.2045826531 174042.517227287 9098.24794027879 34919.7493952915
2109.13228530249 1382.21713186734 6818.50811413782 634.610953312771 2138.8406129369
191043.385923214 95964.9889687446 966871.996343994 46779.9797411741 129483.744548077
105382.915416893 50033.2051465414 232471.162683975 10530.050358575 43668.3649748045
19728.640021619 11497.007844086 46789.0874114856 2513.09112218964 11127.4029681542
25851.423959532 13786.085109562 97100.9171445277 5046.34137919342 20606.78193143
121306.733976097 54207.1678126299 398774.302169525 15823.1535605177 62289.9066484793
64292.2340931701 32988.7381580211 148775.633545043 5816.03700893812 21282.1473686987
19892.6559228113 7775.11288703323 55998.0464468713 1762.40686822332 5643.22195502619
25403.4925891417 12816.501761632 68789.2599790445 2001.30125345528 8803.83445940011
97496.8887607017 46451.3468659907 364707.369327616 11797.3991088046 29125.2386395293
23720.925389391 10502.8506822356 130645.346256906 3609.34292624252 8482.37408785824
5097.53418035337 2031.40502469256 18166.5884308602 480.469225188702 1095.80335668163
107214.322333606 51959.4198439306 248862.820670946 6533.40615267794 9854.55259564051
58986.3582759109 29013.2838442849 339066.787813982 11674.1390169483 20627.1828206727
7674.63435818546 3555.14709721012 9314.79984038515 245.036242741545 936.509881469279
20363.7464295562 10033.031341825 79119.7035448465 2628.00905564145 3904.74784351161
66613.172566928 34005.9737069419 316926.109237816 10973.5594069652 19597.5351127445
17269.1893789207 7458.82539882863 71106.1198787848 2754.64212174527 5937.22193084944
19931.0859656534 9982.72344004689 28968.6689019056 1281.66869374842 5486.92559810664
12849.5120335802 7032.62884546746 36856.8318807391 2060.55174820377 6992.93300789932
