1.317944 0.832714 11.886732 2.689801 0.249871
0.090726 0.060898 0.836755 0.051482 0.002305
5.835723 3.973177 44.539707 1.994765 0.397415
1.626966 1.117435 15.302065 2.976243 0.094341
0.127447 0.073495 1.194768 0.293358 0.031114
0.549901 0.386495 5.429049 1.13556 0.102341
2.503313 1.59436 21.255424 1.986183 0.204841
2.020399 1.257421 19.738846 5.628636 1.05801
0.45492 0.288187 4.616032 1.152259 0.193218
0.60775 0.375967 5.491223 1.286832 0.177772
3.343197 2.023995 30.832789 6.760516 1.055082
0.538108 0.356108 4.750248 0.720519 0.082367
0.075884 0.047666 0.848778 0.208732 0.046454
5.862144 3.906758 50.518315 11.144766 2.268622
3.373698 2.350987 28.63332 5.44061 0.869539
0.23952 0.175135 2.424258 0.681976 0.170146
1.222161 0.747322 11.293122 3.063445 0.740998
3.085451 2.050091 25.633733 5.43645 0.922187
0.478282 0.308422 5.581974 1.617212 0.303288
0.068282 0.047625 0.507832 0.042985 0.009251
0.174486 0.110517 1.36711 0.050846 0.007135
