-0.042697154045105 -0.0464035377502441 -0.0497731876373291
-0.036428521156311 -0.0460079383850098 -0.0516552028656006
-0.0473408174514771 -0.0501710586547852 -0.0533245067596436
-0.0443987646102905 -0.0460017328262329 -0.0482058162689209
-0.0357328147888184 -0.036706841468811 -0.038855263710022
-0.0308227586746216 -0.0336168222427368 -0.0366390867233276
-0.0452920846939087 -0.047677056312561 -0.0509831771850586
-0.0366539268493652 -0.0394535551071167 -0.0432466907501221
-0.0415369033813477 -0.0448277206420898 -0.0482333335876465
-0.036560977935791 -0.0383364858627319 -0.0408411254882812
-0.0371583452224731 -0.0396363744735718 -0.0430151824951172
-0.0348644399642944 -0.0369126777648926 -0.0393310461044312
-0.027001856803894 -0.0325191621780396 -0.0411221151351929
-0.0310585012435913 -0.0333405046463013 -0.0364991312026978
-0.0327402105331421 -0.0342493286132812 -0.0364825830459595
-0.0310016069412231 -0.0321871347427368 -0.0344552249908447
-0.0251914930343628 -0.0269178714752197 -0.0289744577407837
-0.0198502163887024 -0.0221266551017761 -0.0245531787872314
-0.0263886194229126 -0.028857081413269 -0.0321520700454712
-0.054340633392334 -0.0571193389892578 -0.0595911598205566
-0.054340633392334 -0.0571193389892578 -0.0595911598205566
