-0.213485770225525 -0.232017688751221 -0.248865938186645
-0.182142605781555 -0.230039691925049 -0.258276014328003
-0.236704087257385 -0.250855293273926 -0.266622533798218
-0.221993823051453 -0.230008664131165 -0.241029081344604
-0.178664073944092 -0.183534207344055 -0.19427631855011
-0.154113793373108 -0.168084111213684 -0.183195433616638
-0.226460423469543 -0.238385281562805 -0.254915885925293
-0.183269634246826 -0.197267775535584 -0.21623345375061
-0.207684516906738 -0.224138603210449 -0.241166667938232
-0.182804889678955 -0.19168242931366 -0.204205627441406
-0.185791726112366 -0.198181872367859 -0.215075912475586
-0.174322199821472 -0.184563388824463 -0.196655230522156
-0.13500928401947 -0.162595810890198 -0.205610575675964
-0.155292506217957 -0.166702523231506 -0.182495656013489
-0.16370105266571 -0.171246643066406 -0.182412915229797
-0.155008034706116 -0.160935673713684 -0.172276124954224
-0.125957465171814 -0.134589357376099 -0.144872288703918
-0.099251081943512 -0.110633275508881 -0.122765893936157
-0.131943097114563 -0.144285407066345 -0.160760350227356
-0.27170316696167 -0.285596694946289 -0.297955799102783
-0.27170316696167 -0.285596694946289 -0.297955799102783
