0 0 238101.909403 124714.78335 0
0 0 6863.983445 2982.377249 0
0 0 507472.069621 221734.248528 0
0 0 273926.998445 129030.58359 0
0 0 66485.579815 37103.588838 0
0 0 78917.622966 46815.913381 0
0 0 226683.7662 106509.108959 0
0 0 208804.891513 113250.079189 0
0 0 47737.517076 25309.829339 0
0 0 83803.664196 41909.871345 0
0 0 326006.498487 147861.115129 0
0 0 68000.146192 32291.872313 0
0 0 17115.945203 8257.961816 0
0 0 338166.998303 135424.169762 0
0 0 214469.48288 100068.423651 0
0 0 33433.317732 15116.80243 0
0 0 112594.256374 50483.122252 0
0 0 273630.552755 122701.383228 0
0 0 95850.728378 48248.895004 0
0 0 27526.100187 10849.283023 0
0 0 27927.611462 11624.018708 0
