0 6896.664843 640876.443899 131790.162412 273160.41131
0 206.548422 18090.459801 2600.692021 5724.85805
0 16512.491861 1179951.0286 186552.731593 480319.271032
0 8359.039115 735349.556746 136083.894719 250770.577261
0 1876.435889 179894.201649 39483.607395 73116.366999
0 2250.738737 198593.616319 47100.057386 106742.779941
0 6584.226917 545834.404951 98138.240489 237165.404382
0 6156.262341 579116.648123 127565.692291 253314.050364
0 1419.311117 127933.456748 27535.893059 59858.802719
0 2523.323512 225675.152614 45890.958285 101518.664344
0 9999.370468 861741.855191 159355.553236 304784.425701
0 2057.473449 165296.461342 31977.657986 77134.85039
0 489.389072 45872.464225 9113.924311 20920.130861
0 12247.187654 937436.319173 154201.18238 251200.966417
0 7508.144229 540530.785453 103027.985834 203382.885323
0 1039.693231 95171.258975 17875.203 36658.318949
0 3755.197103 313616.949871 58401.644754 108297.41184
0 9778.208141 714105.611921 131725.333915 242818.660442
0 2675.124209 262420.157662 54717.469064 93403.597468
0 865.639932 68320.079615 9969.937684 21475.815338
0 891.34466 68043.123222 9842.684148 23766.864456
