614.732810974121 472.307029724121 5124.98663330078 2447.46249389648 889.093643188477
1.73101687431335 10.4172140359879 69.6172311306 20.3590021133423 16.5764918327332
3035.22693634033 1632.93809318542 18635.1364746094 5929.45809936523 2607.98471069336
716.064167022705 337.546703338623 3759.78021240234 1487.69816589355 719.040454864502
252.248609542847 169.835896015167 1758.97590255737 1154.43805122375 511.787218093872
475.287608146667 245.092256546021 3183.62503051758 1231.22989654541 557.924613952637
2431.07498168945 1345.65875244141 12161.020324707 3511.16882324219 2076.0447845459
474.735466003418 340.870746612549 3362.61505126953 1175.9188079834 503.002040863037
707.207643508911 263.362833023071 2558.14792633057 1002.77341651917 330.78552532196
384.195482254028 246.153918266296 2643.84294128418 597.695808410645 432.390562057495
1921.38352966309 1119.16578674316 11428.1900634766 3102.39151000977 1126.32559967041
1439.84718704224 689.571040153503 5894.51176452637 1137.66395187378 252.050342559814
165.108542442322 103.691233634949 842.092871665955 241.19093132019 46.7662930488586
1339.28927612305 690.972587585449 7112.83135986328 1717.39100646973 301.463802337646
2394.62615203857 1637.96647644043 17208.8837890625 3783.44970703125 1013.33087921143
31.372042298317 20.4689409732819 253.963193893433 68.8218245506287 37.8816159963608
535.960865020752 383.159387588501 3625.9934387207 731.211494445801 109.293663024902
2298.66149902344 1535.95491027832 14588.056640625 3358.84576416016 840.989791870117
389.065280914307 162.322405815125 2662.53434753418 567.69434928894 133.001170396805
468.870720863342 379.755353927612 2580.17515563965 926.053550720215 418.025449752808
395.896925449371 175.717880725861 2173.97825622559 859.300746917725 202.218435287476
