38162
42329
44307
46590
47781
49513
50450
53333
53295
54609
54780
55204
55430
54995
53249
53681
53171
52271
52733
53789
53247
54323
54205
54762
55343
55827
56857
59566
59161
61170
61510
63705
63408
63823
66870
69063
70605
73521
74362
75841
78238
82513
84090
87658
92094
95799
95794
96772
96727
96643
97972
96850
96901
97282
97103
98595
92261
88179
85679
82008
79288
75814
74285
72422
71015
69454
65275
63408
62378
63750
63403
66355
65262
62964
48744
48387
50014
47928
47634
51316
48404
45267
40468
36413
34924
31562
27834
24289
21993
20224
15731
12883
10436
8429
6231
4874
3618
2566
1812
1230
1417
