75172.34375 26273.55859375 311707.03125 116433.7734375 56303.25390625
2124.96118164062 1003.10534667969 12556.560546875 7322.01708984375 3608.83471679688
250771.625 75189.125 1840397.625 543257.25 201817.953125
156485.09375 40553.19140625 431298.21875 146886.40625 75639.78125
25764.701171875 7742.0458984375 77382.9921875 31937.2578125 16774.23828125
33261.71875 11023.7490234375 205653.6875 62930.4921875 34250.6015625
138428 36930.296875 620586.125 176274.109375 97127.1875
69857.9140625 21881.56640625 212108 71787 30836.890625
28975.22265625 6057.46435546875 74644.234375 21560.1875 8548.412109375
28407.80859375 8212.26171875 110988.0234375 29075.5546875 14686.44140625
121879.0234375 35874.8828125 548984.3125 117429.1875 40882.40625
29618.513671875 8426.7490234375 191895.296875 40308.5 12560.6728515625
6234.74951171875 1676.43493652344 24686.34765625 5126.46484375 1726.86853027344
116656.8671875 34736.81640625 328329.375 67203.2890625 11998.3662109375
65454.4609375 20672.23046875 484827.6875 97905.8125 25217.923828125
8067.20703125 2158.74853515625 19624.3125 3923.72265625 1555.64086914062
22193.77734375 6847.59814453125 103717.328125 19077.9921875 4347.78369140625
88879.9921875 27339.52734375 512232.125 102826.8125 25528.712890625
25776.275390625 6372.63134765625 123612.1875 28575.638671875 8521.4404296875
28466.375 7524.31103515625 52177.61328125 15684.392578125 8881.60546875
9753.951171875 3732.80932617188 66097.140625 25829.994140625 11956.5029296875
